ARRAY=(6583 6584 6585 6586 6587 6681 6682 6683 6684 6686 6687 6781 6782 6783 6784 6785 6786 6787 6871 6872 6880 6881 6882 6883 6884 6885 6886 6887 6971 6972 6973 6974 6975 6979 6980 6981 6982 6983 6984 6985 6986 7070 7071 7072 7073 7074 7075 7076 7077 7078 7079 7080 7081 7082 7083 7084 7085 7170 7171 7173 7174 7175 7176 7177 7178 7179 7180 7181 7182 7183 7268 7269 7270 7271 7274 7275 7276 7277 7278 7279 7280 7281 7282 7367 7368 7369 7370 7371 7374 7375 7376 7377 7378 7379 7380 7467 7468 7469 7470 7476 7477 7478 7568 7569 7570)
ELEMENTS=${#ARRAY[@]}

for (( p=0;p<$ELEMENTS;p++))
do

export INPUT1=${ARRAY[$p]}
export INPUT2=4
export INPUT3=2301

qsub -V -N Ariel_unite -q batch unite.pbs
sleep 120m
done